[General Settings]
Stereo_Enabled=1
LaserSight=0
DominantEye=0
ShowFPS=1

[TrackIR]
Enabled=0
Averaging=5
X=1.000000
Y=1.000000
Z=1.000000
Yaw=1.000000
Pitch=1.000000
Roll=0.000000
